{
 "cells": [
  {
   "cell_type": "code",
   "execution_count": 1,
   "metadata": {},
   "outputs": [],
   "source": [
    "#import packages\n",
    "import pickle\n",
    "import pandas as pd"
   ]
  },
  {
   "cell_type": "code",
   "execution_count": 2,
   "metadata": {},
   "outputs": [],
   "source": [
    "model = pickle.load(open('LogReg.sav','rb'))"
   ]
  },
  {
   "cell_type": "code",
   "execution_count": 3,
   "metadata": {},
   "outputs": [
    {
     "data": {
      "text/plain": [
       "LogisticRegression(C=1, class_weight=None, dual=False, fit_intercept=True,\n",
       "          intercept_scaling=1, max_iter=1000.0, multi_class='ovr',\n",
       "          n_jobs=1, penalty='l2', random_state=None, solver='newton-cg',\n",
       "          tol=0.0001, verbose=1, warm_start=False)"
      ]
     },
     "execution_count": 3,
     "metadata": {},
     "output_type": "execute_result"
    }
   ],
   "source": [
    "model"
   ]
  },
  {
   "cell_type": "code",
   "execution_count": 4,
   "metadata": {},
   "outputs": [
    {
     "data": {
      "text/plain": [
       "860"
      ]
     },
     "execution_count": 4,
     "metadata": {},
     "output_type": "execute_result"
    }
   ],
   "source": [
    "model.coef_.size"
   ]
  },
  {
   "cell_type": "code",
   "execution_count": 5,
   "metadata": {},
   "outputs": [],
   "source": [
    "#load test vector from training set\n",
    "path = '../../Recordings/Processed/'\n",
    "train_test = pd.read_csv(path + 'TrainingSet.csv')"
   ]
  },
  {
   "cell_type": "code",
   "execution_count": 6,
   "metadata": {},
   "outputs": [],
   "source": [
    "sample_input = train_test.values[160000:160100,0:215] #samples\n",
    "sample_class = train_test.values[160000:160100,216] #samples"
   ]
  },
  {
   "cell_type": "code",
   "execution_count": 89,
   "metadata": {},
   "outputs": [
    {
     "data": {
      "text/plain": [
       "array([[-1.3231e-03,  1.6759e-03, -1.7119e-03, ...,  7.0303e-06,\n",
       "        -2.4076e-05, -4.8124e-05],\n",
       "       [-9.5645e-04,  1.7883e-03, -1.5780e-03, ..., -2.2477e-05,\n",
       "         4.1661e-05,  7.5803e-05],\n",
       "       [-9.3472e-04,  9.6732e-04, -2.4281e-03, ..., -7.2007e-06,\n",
       "         1.2065e-05,  4.8847e-05],\n",
       "       ...,\n",
       "       [ 1.0278e-03, -2.3687e-03, -1.9974e-03, ..., -1.1272e-05,\n",
       "         1.5825e-05, -3.4767e-06],\n",
       "       [ 8.2508e-04, -2.4369e-03,  2.4848e-03, ..., -1.6254e-06,\n",
       "         1.6616e-05,  7.1717e-07],\n",
       "       [ 6.6951e-04, -1.8735e-03,  6.1933e-03, ...,  1.9969e-05,\n",
       "        -3.4282e-05, -3.1045e-06]])"
      ]
     },
     "execution_count": 89,
     "metadata": {},
     "output_type": "execute_result"
    }
   ],
   "source": [
    "voice_input"
   ]
  },
  {
   "cell_type": "code",
   "execution_count": 90,
   "metadata": {},
   "outputs": [
    {
     "data": {
      "text/plain": [
       "array([2., 2., 2., 2., 2., 2., 2., 2., 2., 2., 2., 2., 2., 2., 2., 2., 2.,\n",
       "       2., 2., 2., 2., 2., 2., 2., 2., 2., 2., 2., 2., 2., 2., 2., 2., 2.,\n",
       "       2., 2., 2., 2., 2., 2., 2., 2., 2., 2., 2., 2., 2., 2., 2., 2., 2.,\n",
       "       2., 2., 2., 2., 2., 2., 2., 2., 2., 2., 2., 2., 2., 2., 2., 2., 2.,\n",
       "       2., 2., 2., 2., 2., 2., 2., 2., 2., 2., 2., 2., 2., 2., 2., 2., 2.,\n",
       "       2., 2., 2., 2., 2., 2., 2., 2., 2., 2., 2., 2., 2., 2., 2.])"
      ]
     },
     "execution_count": 90,
     "metadata": {},
     "output_type": "execute_result"
    }
   ],
   "source": [
    "voice_class"
   ]
  },
  {
   "cell_type": "code",
   "execution_count": 91,
   "metadata": {},
   "outputs": [
    {
     "data": {
      "text/plain": [
       "array([2., 2., 2., 2., 2., 2., 2., 2., 2., 2., 2., 2., 2., 2., 2., 2., 2.,\n",
       "       2., 2., 2., 2., 2., 2., 2., 2., 2., 2., 2., 2., 2., 2., 2., 2., 2.,\n",
       "       2., 2., 2., 2., 2., 2., 2., 2., 2., 2., 2., 2., 2., 2., 2., 2., 2.,\n",
       "       2., 2., 2., 2., 2., 2., 2., 2., 2., 2., 2., 2., 2., 2., 2., 2., 2.,\n",
       "       2., 2., 2., 2., 2., 2., 2., 2., 2., 2., 2., 2., 2., 2., 2., 2., 2.,\n",
       "       2., 2., 2., 2., 2., 2., 2., 2., 2., 2., 2., 2., 2., 2., 2.])"
      ]
     },
     "execution_count": 91,
     "metadata": {},
     "output_type": "execute_result"
    }
   ],
   "source": [
    "model.predict(voice_input)"
   ]
  },
  {
   "cell_type": "code",
   "execution_count": 92,
   "metadata": {},
   "outputs": [
    {
     "data": {
      "text/plain": [
       "array([[0.21257008, 0.40392305, 0.22825397, 0.15525289],\n",
       "       [0.21839234, 0.38266208, 0.23836817, 0.16057741],\n",
       "       [0.22024395, 0.37546031, 0.24174886, 0.16254688],\n",
       "       [0.21992968, 0.37639469, 0.24108827, 0.16258736],\n",
       "       [0.22388534, 0.36167363, 0.24806507, 0.16637595],\n",
       "       [0.22983271, 0.33916117, 0.25889618, 0.17210993],\n",
       "       [0.23217123, 0.32950694, 0.26359998, 0.17472184],\n",
       "       [0.23223081, 0.32869453, 0.26397617, 0.17509849],\n",
       "       [0.23357413, 0.32314781, 0.26681862, 0.17645943],\n",
       "       [0.23716605, 0.3096968 , 0.273333  , 0.17980414],\n",
       "       [0.23983119, 0.29942991, 0.27840321, 0.18233569],\n",
       "       [0.24007548, 0.29860464, 0.27880267, 0.18251721],\n",
       "       [0.23806638, 0.30582296, 0.27547093, 0.18063974],\n",
       "       [0.23849662, 0.30413865, 0.27634872, 0.18101601],\n",
       "       [0.23888805, 0.30245515, 0.27731386, 0.18134293],\n",
       "       [0.23523445, 0.31670358, 0.27023559, 0.17782639],\n",
       "       [0.22863061, 0.34193195, 0.25788112, 0.17155631],\n",
       "       [0.22656432, 0.35037209, 0.25381167, 0.16925192],\n",
       "       [0.22633927, 0.35206329, 0.25307238, 0.16852506],\n",
       "       [0.22230234, 0.36745757, 0.24571462, 0.16452547],\n",
       "       [0.21524126, 0.39349731, 0.23330227, 0.15795917],\n",
       "       [0.21051924, 0.4107559 , 0.22529092, 0.15343394],\n",
       "       [0.20922423, 0.41634461, 0.22254193, 0.15188922],\n",
       "       [0.20866196, 0.41888621, 0.22125553, 0.1511963 ],\n",
       "       [0.2063841 , 0.42697273, 0.2173372 , 0.14930597],\n",
       "       [0.20237688, 0.44046311, 0.21107139, 0.14608863],\n",
       "       [0.2022062 , 0.4408782 , 0.2107893 , 0.1461263 ],\n",
       "       [0.20512604, 0.4305683 , 0.2155462 , 0.14875945],\n",
       "       [0.20659687, 0.42525367, 0.21784836, 0.1503011 ],\n",
       "       [0.20555108, 0.42839945, 0.21626692, 0.14978255],\n",
       "       [0.20969242, 0.41316703, 0.22349593, 0.15364462],\n",
       "       [0.2178065 , 0.38390032, 0.23739971, 0.16089347],\n",
       "       [0.2240359 , 0.36077785, 0.24839936, 0.16678689],\n",
       "       [0.22534584, 0.35462275, 0.25140935, 0.16862206],\n",
       "       [0.22599725, 0.35122841, 0.25315128, 0.16962306],\n",
       "       [0.22907794, 0.34017051, 0.25834659, 0.17240497],\n",
       "       [0.23323583, 0.32524933, 0.26547981, 0.17603503],\n",
       "       [0.23605723, 0.31459253, 0.27069569, 0.17865456],\n",
       "       [0.23484225, 0.31894485, 0.26864606, 0.17756683],\n",
       "       [0.23418308, 0.32170714, 0.26733923, 0.17677055],\n",
       "       [0.23559011, 0.3171913 , 0.26960832, 0.17761026],\n",
       "       [0.23703609, 0.31295288, 0.27153456, 0.17847648],\n",
       "       [0.23344255, 0.32685539, 0.26468036, 0.17502169],\n",
       "       [0.22922331, 0.3426775 , 0.25709386, 0.17100532],\n",
       "       [0.22873845, 0.3452011 , 0.25596569, 0.17009475],\n",
       "       [0.22842465, 0.34732156, 0.25490283, 0.16935096],\n",
       "       [0.22501866, 0.35975789, 0.24894429, 0.16627917],\n",
       "       [0.21862308, 0.38252344, 0.23819915, 0.16065433],\n",
       "       [0.2137439 , 0.4004114 , 0.22974181, 0.15610289],\n",
       "       [0.21100728, 0.41100365, 0.22467361, 0.15331545],\n",
       "       [0.21116114, 0.4110351 , 0.22466176, 0.15314201],\n",
       "       [0.20934297, 0.41719906, 0.22192315, 0.15153482],\n",
       "       [0.20502224, 0.4319894 , 0.2150647 , 0.14792366],\n",
       "       [0.20360382, 0.43672098, 0.21295914, 0.14671606],\n",
       "       [0.2056619 , 0.42974263, 0.21624584, 0.14834963],\n",
       "       [0.20808837, 0.42141655, 0.21993619, 0.15055889],\n",
       "       [0.20800909, 0.42078816, 0.22013164, 0.15107111],\n",
       "       [0.21056821, 0.41054331, 0.22505801, 0.15383047],\n",
       "       [0.21634894, 0.3892983 , 0.23501911, 0.15933366],\n",
       "       [0.22296357, 0.36469564, 0.24651012, 0.16583067],\n",
       "       [0.2281665 , 0.34382188, 0.25653703, 0.17147459],\n",
       "       [0.23038724, 0.33378745, 0.2613764 , 0.17444892],\n",
       "       [0.2328642 , 0.32399058, 0.26589313, 0.17725209],\n",
       "       [0.23579808, 0.31276906, 0.27124149, 0.18019136],\n",
       "       [0.2402444 , 0.29579291, 0.27964926, 0.18431343],\n",
       "       [0.24257663, 0.2868291 , 0.28406295, 0.18653133],\n",
       "       [0.24055795, 0.29422721, 0.28057681, 0.18463802],\n",
       "       [0.23852149, 0.30230679, 0.27686437, 0.18230735],\n",
       "       [0.23696076, 0.31014593, 0.27300006, 0.17989325],\n",
       "       [0.23519613, 0.31887574, 0.26860171, 0.17732641],\n",
       "       [0.23206488, 0.33121153, 0.26268889, 0.1740347 ],\n",
       "       [0.22886655, 0.34348527, 0.2569568 , 0.17069137],\n",
       "       [0.22585798, 0.35544196, 0.2511171 , 0.16758296],\n",
       "       [0.2212603 , 0.37253837, 0.24286769, 0.16333364],\n",
       "       [0.21767831, 0.38562094, 0.23662323, 0.16007752],\n",
       "       [0.21473315, 0.39627347, 0.23141737, 0.15757602],\n",
       "       [0.21106349, 0.40920474, 0.22513326, 0.15459852],\n",
       "       [0.20690086, 0.42349226, 0.21838002, 0.15122686],\n",
       "       [0.2040253 , 0.43348857, 0.21376611, 0.14872003],\n",
       "       [0.20244497, 0.43950126, 0.21070645, 0.14734732],\n",
       "       [0.20073606, 0.44487153, 0.20823536, 0.14615706],\n",
       "       [0.20209297, 0.4395076 , 0.21083687, 0.14756256],\n",
       "       [0.20290485, 0.43628596, 0.2122694 , 0.14853979],\n",
       "       [0.20148707, 0.44106338, 0.20990139, 0.14754815],\n",
       "       [0.20044931, 0.44426166, 0.2083609 , 0.14692813],\n",
       "       [0.20072966, 0.4430638 , 0.20887476, 0.14733178],\n",
       "       [0.20384564, 0.43197181, 0.21398829, 0.15019426],\n",
       "       [0.20916391, 0.41255258, 0.22305215, 0.15523137],\n",
       "       [0.21303975, 0.39757176, 0.23020097, 0.15918751],\n",
       "       [0.21439385, 0.39198348, 0.23278722, 0.16083546],\n",
       "       [0.21505529, 0.38946884, 0.23375746, 0.16171841],\n",
       "       [0.21697019, 0.38257462, 0.23684885, 0.16360634],\n",
       "       [0.22038502, 0.36964028, 0.24323693, 0.16673777],\n",
       "       [0.2276408 , 0.34280453, 0.25621103, 0.17334364],\n",
       "       [0.23504869, 0.31449336, 0.27006466, 0.1803933 ],\n",
       "       [0.23982744, 0.29475218, 0.2801031 , 0.18531728],\n",
       "       [0.24093887, 0.28960887, 0.28272741, 0.18672485],\n",
       "       [0.23897481, 0.29785089, 0.27844689, 0.18472741],\n",
       "       [0.23583842, 0.31081127, 0.27208467, 0.18126564],\n",
       "       [0.2329087 , 0.32281436, 0.26649028, 0.17778665]])"
      ]
     },
     "execution_count": 92,
     "metadata": {},
     "output_type": "execute_result"
    }
   ],
   "source": [
    "model.predict_proba(voice_input)"
   ]
  },
  {
   "cell_type": "code",
   "execution_count": null,
   "metadata": {},
   "outputs": [],
   "source": []
  }
 ],
 "metadata": {
  "kernelspec": {
   "display_name": "Python 3",
   "language": "python",
   "name": "python3"
  },
  "language_info": {
   "codemirror_mode": {
    "name": "ipython",
    "version": 3
   },
   "file_extension": ".py",
   "mimetype": "text/x-python",
   "name": "python",
   "nbconvert_exporter": "python",
   "pygments_lexer": "ipython3",
   "version": "3.6.5"
  }
 },
 "nbformat": 4,
 "nbformat_minor": 2
}
